[weekday]
A01=601,604,607,610,1017,1024,1025,1030,1033,1036,141,148,639,642,645,648,59
A02=8301,8304,307,314
A03=101,118
A04=103,120
A05=303,310,1015,1022
A06=8,1309,1312,121,132,621,624,1329,1332,339,346
A07=611,614,1023,1028,8319,8324

A11=306,1011,1018,8313,8318
A12=1002,105,222,219,228,227,234,235,144
A13=1302,1009,1014
A14=602,1305,1308,1013,1016
AT1=7,12
AT2=605,608
AT3=603,606,609,612
B01=4,109,126,617,620,137,146,1053,1052,1349,1352
B02=6,111,KU22,KU21,KU24,KU23,142
B03=16,613,616,8317,8322
B04=110,311,316,8315,8320
B05=B114
C01=635,638,643,646
C02=129,138,143,150,641,644
C03=323,330,149,156
C04=1329,1332,339,346
C11=8321,8326,625,628,1333,1336,153,158,649
C12=619,622,8325,8328,145,152,347
C13=1037,1038,1043,1042,335,342,1055,1054,647,650,1059
C14=631,634,637,640,1345,1348,1057
C15=331,338,343,350,1351
D01=1021,1026,1029,1032,1039,1040,47
D02=327,334,51
D03=627,630,633,636,1341,1344,157
D04=615,618,1031,1034,623,626,629,632,1337,1340,155

[holiday]
A01=101,118
A02=103,120
A03=109,126
A04=8301,8304,307,314
A05=303,310
A06=601,604,607,610,1015,1022,8315,8322
A07=603,606,609,612,8313,8318,619,622,137,KU26,KU25,KU28
A08=605,608,311,316
A11=306,1309,1312,613,616
A12=602,1305,1308
A13=1002,105,8222,219,228,227,236,235,144
A14=1010,611,614,615,618
B01=4,109,126
B02=6,111,KU22,KU21,KU24,KU23,142
B03=16
B04=110,1011,1018,121,132,623,626
B05=114
C01=145,152,1349,1352
C02=623,626
C03=8317,8324,8325,8328,337,344
C11=8319,8326,143,150,643,646,1351
C12=629,634,153,158,649
C13=625,628,333,342,347
C14=323,330,1047,1048,343,348,1057
C15=329,336,646,647,1059
D01=129,138,627,630,149,156,59
D02=617,620,1031,1034,327,334,51
D03=633,638,155
D04=1021,1028,621,624,139,148,639,642,157