[weekday]
A01=601,604,607,610,1017,1024,1025,1030,1033,1036,141,148,639,642,645,648
A02=8301,8304,307,314
A03=101,118
A04=103,120
A05=303,310,1015,1022
A06=611,614,1023,1028,8319,8324

A11=306,1011,1018,8313,8318
A12=1002,105,222,219,228,227,234,235,144
A13=1302,7,12
A14=602,1305,1308,1013,1016
A15=8,1309,1312,121,132,621,624,1329,1332,339,346


AT1=1009,1014
AT2=605,608
AT3=603,606,609,612


B01=4,109,126,617,620,137,146,1053,1052,1349,1352
B02=6,111,KU22,KU21,KU24,KU23,142
B03=16,613,616,8317,8322
B04=110,311,316,8315,8320
B05=B114

C01=129,138,143,150,641,644
C02=323,330,149,156
C03=1329,1332,339,346
C11=8321,8326,625,628,1333,1336,153,158,649
C12=619,622,8325,8328,145,152,347
C13=1037,1038,1043,1042,335,342,1055,1054,647,650,1059
C14=631,634,637,640,1345,1348,1057
C15=331,338,343,350,1351
D01=1021,1026,1029,1032,1039,1040,47
D02=327,334,51
D03=635,638,643,646,59
D04=627,630,633,636,1341,1344,157
D05=615,618,1031,1034,623,626,629,632,1337,1340,155

[holiday]
A01=101,118,8318,1027,1034,625,628,143,152
A02=103,120,KU21,UN2
A03=8301,8304,307,314
A04=303,310,113,228,2243,234,231,142
A05=601,604,回送,1012,11,22,1017,1024
A06=603,606,1309,1312,115,132,323,330,45
A07=607,610

A11=1002,1305,1308,611,614,615,618,619,622,623,626,627,630,147,156,649
A12=602,605,608,311,316
A13=306,609,612,613,616,618,620

B01=4,107,KU20,KU23,KU25,KU26,KU27,144,635,638
B02=6,109,126
B03=24,8315,8322

B11=110,1009,1018,1019,1028,8319,8326
B12=114

C01=1041,1042
C02=621,624,137,148,151,158,1351,回送
C03=8317,8324,8325,8328,331,340

C11=647,650,1057
C12=141,150,345

D01=643,646,57
D02=133,KU28
D03=125,138,329,338,153